346
302
230
134
174
643
241
703
160
576
572
614
350
234
763
356
461
140
342
605
510
263
451
456
647
301
240
420
724
621
316
075
520
453
345
637
720
714
027
362
504
023
516
710
603
102
756
617
472
645
402
701
067
506
651
042
564
534
347
431
560
210
731
035
245
274
053
154
653
327
750
426
074
650
427
124
061
715
735
017
513
307
604
165
325
043
016
275
762
106
602
657
031
105
341
726
243
532
641
026
630
421
217
620
123
357
640
364
610
546
326
547
615
013
736
264
025
162
704
251
416
674
206
413
321
261
573
634
675
072
406
034
467
276
236
065
417
450
631
246
563
176
047
671
254
204
612
712
057
143
570
567
524
247
523
607
127
561
457
370
037
215
135
374
120
403
716
271
723
257
304
405
540
574
317
673
730
437
314
436
107
512
203
623
064
306
410
056
503
145
543
237
172
753
152
157
150
132
465
156
542
527
270
743
625
536
471
273
253
021
104
173
012
530
601
721
146
740
267
376
054
425
205
526
635
507
732
725
415
432
706
462
256
412
745
473
312
164
032
073
351
125
761
137
764
470
360
401
071
231
175
5623
2013
2367
1547
0214
1375
6710
5216
1760
3762
5726
2735
7342
1640
0754
1564
5026
1243
0123
0346
2067
0325
6214
0637
2514
3725
5031
7630
4710
7014
5063
3526
3206
1503
1063
0613
1236
7302
5420
5024
4702
5016
1602
2165
4015
7612
1476
5641
5217
2763
2743
4520
6172
1027
6725
2643
2173
7540
3156
7041
0175
1675
4573
1307
3507
1426
1754
3465
2561
6375
7430
7153
2650
6723
7631
3765
4056
7351
7140
5632
5071
0263
3056
5374
1573
1523
4023
4637
2374
4527
0513
1340
3701
7406
4301
3064
6743
6534
3061
3450
0741
2146
4367
1543
1642
7016
6130
2076
4210
1657
1723
1437
6205
3457
5231
0612
7031
7235
3041
0156
2015
2570
5347
5703
3072
6217
1427
5627
3571
6352
7346
2304
6302
1354
6120
5023
1732
5167
3150
4607
5431
1326
5203
4051
4162
1530
7102
3470
3452
3127
0416
6250
6740
7154
5437
7145
1607
3501
6147
0564
6017
3024
6732
5427
6431
3642
0752
4265
5642
3017
3245
0761
7521
4312
2564
0542
2045
6042
5276
3546
0352
7506
5140
6451
1276
1736
6542
1726
7013
2764
5742
2143
7250
1304
0412
2713
0745
6572
0634
4372
0512
6574
2746
1032
7306
4365
0253
4130
5401
2614
1507
6450
1250
2145
7560
2674
6457
2036
5417
2037
1350
6035
4072
1235
4256
2437
3126
0473
5637
7625
0627
2345
5702
2164
4236
2605
4650
4127
0712
2347
6307
6712
1643
3704
6724
3625
1742
4073
1546
6327
6405
24361
40352
30564
26145
74036
75634
04531
72461
61024
31642
72560
67531
51740
50236
46073
16573
01452
36175
75140
45732
54763
60273
62734
36470
41536
45201
25107
07241
10653
72510
07631
75143
26437
42530
36705
51602
12073
41532
23054
40271
03467
15026
37604
31076
16743
57642
54271
41675
70231
50672
23764
46013
52640
71234
10342
05732
23146
25140
41603
36120
75234
30142
27046
12745
46570
42361
01254
70243
26370
05724
17634
24563
64531
71036
63157
62341
64107
64071
27403
54073
75310
41365
75640
43125
14627
46071
52374
51672
67143
37250
54370
07643
57063
35041
71206
17652
56214
32457
73605
26501
52743
05723
12054
53627
32105
43205
12654
16430
14235
01725
12674
23740
71350
40617
14263
32761
61237
36145
21463
56132
73246
53104
64375
53417
63214
25734
40163
51073
32701
03176
32071
72061
53604
60432
73614
64250
54130
40725
54203
07213
53216
07245
72345
64735
60124
43520
30721
50467
57140
47156
14725
24165
41276
20576
23570
20476
35160
75026
43706
17352
76451
12065
14765
45170
07264
50364
63470
13407
27451
57436
56401
21634
07251
06471
64725
02341
27034
64720
61470
20317
56072
64271
65032
51634
60721
06134
16054
02156
17204
46023
17423
76302
24765
02547
27016
57423
42056
41537
56274
12765
46205
30642
20347
62570
04751
17340
26137
06521
02164
32470
23710
31650
03426
50736
50642
67102
05271
56473
62534
53126
61350
51630
31267
32764
50273
03672
56410
50426
06154
73240
36254
75032
54623
40176
40653
67532
74132
34716
35472
30247
21530
27635
75260
62150
26704
21574
60157
73506
53607
07514
72034
502634
521760
415236
034152
053647
357140
745062
734012
017532
120345
214750
257346
304657
231465
345071
417305
015472
240631
645103
720645
736451
705261
764305
207315
453210
243715
724013
263015
325461
541762
376401
175204
203614
472315
721456
317054
361257
714320
160752
103465
731504
605374
073456
405263
031752
547103
432051
463217
716540
054367
635014
615407
742036
762143
410267
736145
732564
635074
156732
053471
245607
237614
026371
517620
341675
137620
203576
037412
147653
142076
612054
427153
054372
153406
605713
024376
064137
601753
415237
410365
460713
301274
534160
570134
023715
320547
541362
137064
657041
427016
501647
357102
670234
216073
205473
517246
375421
423761
763250
615742
527631
741526
542137
231750
176025
712035
674301
423650
671352
452071
376140
457302
074126
560731
315246
241703
065417
425310
265301
072651
305624
503162
762135
625147
176504
201364
524670
124607
250367
463075
362470
521370
407635
213475
364201
132074
461507
531647
514236
406712
734152
613702
402537
140625
523064
512307
143652
625417
234501
345601
035416
305472
356127
245703
154062
562170
143762
756234
026137
654130
604735
031465
134670
315276
521074
672345
275130
354270
412736
407321
420175
017352
431760
402315
415673
576321
725430
163254
542036
237605
627405
716450
502673
467021
054716
126547
062415
640157
467501
570631
256103
764520
710324
016257
130567
246750
630542
310467
641075
672340
541023
736521
025731
256043
425716
731506
624530
302745
451736
347256
630157
635017
176042
173620
265371
305642
654210
325017
764321
326074
214076
740513
504713
306425
073246
247536
164307
213045
120673
153246
401637
742165
531047
617345
041763
023564
617052
534210
462071
654237
704635
527601
601372
675120
457163
752610
374152
347065
320564
170523
524613
4260351
6205143
2756013
0156743
5307416
0436751
0361275
6072451
2457630
3026751
5347206
1365720
3475021
6372054
1764532
0243175
3726451
5061732
7320156
0271564
1276405
3502716
3027645
0164352
1745302
6324710
6347521
2645013
5623471
2531760
4263701
5173062
6571234
4216057
1053742
3542701
6375142
4036271
1764052
7024356
0714263
6721540
7532140
7534210
0715246
2534710
3207416
7146302
0371256
6134527
7520614
7651324
5706143
1240357
5370426
2041765
2130675
6274531
5072316
3720654
3125067
7620514
7061542
5607234
6073524
0542613
6053247
7354620
0165432
7016524
1524306
1347520
4372650
6421705
6237054
1520743
7316502
5017632
7203645
3174562
4603175
7321056
4720531
3065741
3624715
1450723
6237405
2035416
0532167
0516273
2014657
3520647
7216304
1657432
3740512
1253406
5310246
7102435
6032145
1037546
5143207
6130524
7341562
3150764
2345710
2301754
3456721
0314567
6231745
3567421
0625317
0657321
5601234
3574261
1427560
5036142
5132067
2650314
5236047
5640132
5376120
3165027
4032671
7520643
7034156
4501236
3142076
7041563
1470623
4012567
1032745
2104567
1342507
6027513
5641702
0617543
0563172
1532604
2753460
4736102
3751026
0571326
0572136
4325671
5021647
6245073
1326407
0721635
2573061
0746351
3012576
4213670
1256074
6571034
1420376
1267043
1025673
0457312
2416370
6231475
7563412
3650742
7540132
1275304
3602514
5146237
7012345
3502761
4062753
2045316
4716035
6240715
6732541
4073652
5362170
2564130
7564231
4263017
7234061
5746130
6743521
5107246
0341275
2453671
2067531
0561327
1034657
4125736
2046713
7531046
1250463
0314256
4015273
2560473
3170645
6375102
0213765
1740325
7603142
3560147
7165324
4163750
1026354
2307654
4027635
6042735
3674152
7342510
3745612
1450327
1520347
6017543
6715234
5741062
6401572
4102735
3750216
2741603
3016754
0347152
3472160
7405312
3571042
4321607
1327054
0274153
0437261
2715064
2061534
4560732
1520437
1375062
0435217
0641725
5346172
6073521
2701634
0731264
7632105
7506243
6273410
1740532
3176054
0426175
5613407
2506734
2610374
7156230
4365201
0365214
4162730
64750123
26357014
01324657
47325016
46153720
35176024
60317452
25031467
01642573
36041527
51027364
74310256
40621753
54713062
63745102
15670243
53174620
76310254
10475632
67103254
64315027
64702513
45316072
24365701
34756021
71056432
76501432
36715420
65102347
63524107
56023174
72631540
35764102
76135204
71264305
73165042
25143760
53164072
07215364
14607325
21407635
03457621
36472150
02614753
45723601
34625107
46570123
37064152
61402357
15376042
45310762
41076235
37106254
56127430
72653014
40176325
51723064
10563724
30467512
31546720
54367120
31765204
54327610
45062317
07253641
61402537
54013627
43107256
50473612
67451032
06513247
71542306
65743210
13540762
75306241
37215046
51367024
40172365
54617203
34275106
72601354
65472031
34275061
32614750
60132754
45102736
42730156
57642031
25047631
25036714
36025417
73615240
46532710
46107235
24315607
12450736
62541037
64052371
27103465
67240351
70165243
70364152
23540176
15472306
10573426
60157243
25471036
73126405
26475013
32604517
65473201
20714365
16530274
73426015
50412367
57042163
43570162
65140732
16054372
23170456
15640273
01562473
21537046
17352064
67034125
32451760
32470165
56430127
15306742
21630475
32650147
31607452
12456730
30456271
71452306
25167043
75623014
43075162
30472516
21046573
61573240
06154237
63705241
42513067
72051643
10437625
04327165
51326470
21045763
17264035
52613407
35742601
26750143
64751302
41356207
20376541
35274601
12354607
27406135
40175623
23054617
21645037
02367541
03651427
71063254
23760541
42310657
51260374
70132564
23460751
12435670
72415306
63024157
46520173
20417635
64571203
46053271
62013457
74230516
30174256
51472360
37126054
05467132
34620517
41206537
03645217
73240651
03125674
06175234
70425163
02716543
40273165
47310625
26341750
67432510
03567214
06753142
16342570
34026571
15764320
43276105
50261347
45760123
12364705
71046325
76410532
46531702
73456102
73524610
32571604
31465072
41075623
60157324
02734516
72015463
74635012
65032714
31465270
70461523
24503716
43512607
61307425
27653014
51407632
61203457
16537042
76350412
52741306
64710253
14530627
54730162
16457320
25761304
32104756
42051376
74305261
46120753
51623047
30274516
16432570
03241576
57643120
72564130
23706541
57032614
27064513
63217054
25071436
23417506
61302574
20463175
